  2.0000000e+000
  3.0000000e+000
  5.0000000e+000
  7.0000000e+000
  1.1000000e+001
  1.3000000e+001
  1.7000000e+001
  1.9000000e+001
  2.3000000e+001
  2.9000000e+001
  3.1000000e+001
  3.7000000e+001
  4.1000000e+001
  4.3000000e+001
  4.7000000e+001
  5.3000000e+001
  5.9000000e+001
  6.1000000e+001
  6.7000000e+001
  7.1000000e+001
  7.3000000e+001
  7.9000000e+001
  8.3000000e+001
  8.9000000e+001
  9.7000000e+001
  1.0100000e+002
  1.0300000e+002
  1.0700000e+002
  1.0900000e+002
  1.1300000e+002
  1.2700000e+002
  1.3100000e+002
  1.3700000e+002
  1.3900000e+002
  1.4900000e+002
  1.5100000e+002
  1.5700000e+002
  1.6300000e+002
  1.6700000e+002
  1.7300000e+002
  1.7900000e+002
  1.8100000e+002
  1.9100000e+002
  1.9300000e+002
  1.9700000e+002
  1.9900000e+002
  2.1100000e+002
  2.2300000e+002
  2.2700000e+002
  2.2900000e+002
  2.3300000e+002
  2.3900000e+002
  2.4100000e+002
  2.5100000e+002
  2.5700000e+002
  2.6300000e+002
  2.6900000e+002
  2.7100000e+002
  2.7700000e+002
  2.8100000e+002
  2.8300000e+002
  2.9300000e+002
  3.0700000e+002
  3.1100000e+002
  3.1300000e+002
  3.1700000e+002
  3.3100000e+002
  3.3700000e+002
  3.4700000e+002
  3.4900000e+002
  3.5300000e+002
  3.5900000e+002
  3.6700000e+002
  3.7300000e+002
  3.7900000e+002
  3.8300000e+002
  3.8900000e+002
  3.9700000e+002
  4.0100000e+002
  4.0900000e+002
  4.1900000e+002
  4.2100000e+002
  4.3100000e+002
  4.3300000e+002
  4.3900000e+002
  4.4300000e+002
  4.4900000e+002
  4.5700000e+002
  4.6100000e+002
  4.6300000e+002
  4.6700000e+002
  4.7900000e+002
  4.8700000e+002
  4.9100000e+002
  4.9900000e+002
  5.0300000e+002
  5.0900000e+002
  5.2100000e+002
  5.2300000e+002
  5.4100000e+002
  5.4700000e+002
  5.5700000e+002
  5.6300000e+002
  5.6900000e+002
  5.7100000e+002
  5.7700000e+002
  5.8700000e+002
  5.9300000e+002
  5.9900000e+002
  6.0100000e+002
  6.0700000e+002
  6.1300000e+002
  6.1700000e+002
  6.1900000e+002
  6.3100000e+002
  6.4100000e+002
  6.4300000e+002
  6.4700000e+002
  6.5300000e+002
  6.5900000e+002
  6.6100000e+002
  6.7300000e+002
  6.7700000e+002
  6.8300000e+002
  6.9100000e+002
  7.0100000e+002
  7.0900000e+002
  7.1900000e+002
  7.2700000e+002
  7.3300000e+002
  7.3900000e+002
  7.4300000e+002
  7.5100000e+002
  7.5700000e+002
  7.6100000e+002
  7.6900000e+002
  7.7300000e+002
  7.8700000e+002
  7.9700000e+002
  8.0900000e+002
  8.1100000e+002
  8.2100000e+002
  8.2300000e+002
  8.2700000e+002
  8.2900000e+002
  8.3900000e+002
  8.5300000e+002
  8.5700000e+002
  8.5900000e+002
  8.6300000e+002
  8.7700000e+002
  8.8100000e+002
  8.8300000e+002
  8.8700000e+002
  9.0700000e+002
  9.1100000e+002
  9.1900000e+002
  9.2900000e+002
  9.3700000e+002
  9.4100000e+002
  9.4700000e+002
  9.5300000e+002
  9.6700000e+002
  9.7100000e+002
  9.7700000e+002
  9.8300000e+002
  9.9100000e+002
  9.9700000e+002
  1.0090000e+003
  1.0130000e+003
  1.0190000e+003
  1.0210000e+003
  1.0310000e+003
  1.0330000e+003
  1.0390000e+003
  1.0490000e+003
  1.0510000e+003
  1.0610000e+003
  1.0630000e+003
  1.0690000e+003
  1.0870000e+003
  1.0910000e+003
  1.0930000e+003
  1.0970000e+003
  1.1030000e+003
  1.1090000e+003
  1.1170000e+003
  1.1230000e+003
  1.1290000e+003
  1.1510000e+003
  1.1530000e+003
  1.1630000e+003
  1.1710000e+003
  1.1810000e+003
  1.1870000e+003
  1.1930000e+003
  1.2010000e+003
  1.2130000e+003
  1.2170000e+003
  1.2230000e+003
  1.2290000e+003
  1.2310000e+003
  1.2370000e+003
  1.2490000e+003
  1.2590000e+003
  1.2770000e+003
  1.2790000e+003
  1.2830000e+003
  1.2890000e+003
  1.2910000e+003
  1.2970000e+003
  1.3010000e+003
  1.3030000e+003
  1.3070000e+003
  1.3190000e+003
  1.3210000e+003
  1.3270000e+003
  1.3610000e+003
  1.3670000e+003
  1.3730000e+003
  1.3810000e+003
  1.3990000e+003
  1.4090000e+003
  1.4230000e+003
  1.4270000e+003
  1.4290000e+003
  1.4330000e+003
  1.4390000e+003
  1.4470000e+003
  1.4510000e+003
  1.4530000e+003
  1.4590000e+003
  1.4710000e+003
  1.4810000e+003
  1.4830000e+003
  1.4870000e+003
  1.4890000e+003
  1.4930000e+003
  1.4990000e+003
  1.5110000e+003
  1.5230000e+003
  1.5310000e+003
  1.5430000e+003
  1.5490000e+003
  1.5530000e+003
  1.5590000e+003
  1.5670000e+003
  1.5710000e+003
  1.5790000e+003
  1.5830000e+003
  1.5970000e+003
  1.6010000e+003
  1.6070000e+003
  1.6090000e+003
  1.6130000e+003
  1.6190000e+003
  1.6210000e+003
  1.6270000e+003
  1.6370000e+003
  1.6570000e+003
  1.6630000e+003
  1.6670000e+003
  1.6690000e+003
  1.6930000e+003
  1.6970000e+003
  1.6990000e+003
  1.7090000e+003
  1.7210000e+003
  1.7230000e+003
  1.7330000e+003
  1.7410000e+003
  1.7470000e+003
  1.7530000e+003
  1.7590000e+003
  1.7770000e+003
  1.7830000e+003
  1.7870000e+003
  1.7890000e+003
  1.8010000e+003
  1.8110000e+003
  1.8230000e+003
  1.8310000e+003
  1.8470000e+003
  1.8610000e+003
  1.8670000e+003
  1.8710000e+003
  1.8730000e+003
  1.8770000e+003
  1.8790000e+003
  1.8890000e+003
  1.9010000e+003
  1.9070000e+003
  1.9130000e+003
  1.9310000e+003
  1.9330000e+003
  1.9490000e+003
  1.9510000e+003
  1.9730000e+003
  1.9790000e+003
  1.9870000e+003
  1.9930000e+003
  1.9970000e+003
  1.9990000e+003
  2.0030000e+003
  2.0110000e+003
  2.0170000e+003
  2.0270000e+003
  2.0290000e+003
  2.0390000e+003
  2.0530000e+003
  2.0630000e+003
  2.0690000e+003
  2.0810000e+003
  2.0830000e+003
  2.0870000e+003
  2.0890000e+003
  2.0990000e+003
  2.1110000e+003
  2.1130000e+003
  2.1290000e+003
  2.1310000e+003
  2.1370000e+003
  2.1410000e+003
  2.1430000e+003
  2.1530000e+003
  2.1610000e+003
  2.1790000e+003
  2.2030000e+003
  2.2070000e+003
  2.2130000e+003
  2.2210000e+003
  2.2370000e+003
  2.2390000e+003
  2.2430000e+003
  2.2510000e+003
  2.2670000e+003
  2.2690000e+003
  2.2730000e+003
  2.2810000e+003
  2.2870000e+003
  2.2930000e+003
  2.2970000e+003
  2.3090000e+003
  2.3110000e+003
  2.3330000e+003
  2.3390000e+003
  2.3410000e+003
  2.3470000e+003
  2.3510000e+003
  2.3570000e+003
  2.3710000e+003
  2.3770000e+003
  2.3810000e+003
  2.3830000e+003
  2.3890000e+003
  2.3930000e+003
  2.3990000e+003
  2.4110000e+003
  2.4170000e+003
  2.4230000e+003
  2.4370000e+003
  2.4410000e+003
  2.4470000e+003
  2.4590000e+003
  2.4670000e+003
  2.4730000e+003
  2.4770000e+003
  2.5030000e+003
  2.5210000e+003
  2.5310000e+003
  2.5390000e+003
  2.5430000e+003
  2.5490000e+003
  2.5510000e+003
  2.5570000e+003
  2.5790000e+003
  2.5910000e+003
  2.5930000e+003
  2.6090000e+003
  2.6170000e+003
  2.6210000e+003
  2.6330000e+003
  2.6470000e+003
  2.6570000e+003
  2.6590000e+003
  2.6630000e+003
  2.6710000e+003
  2.6770000e+003
  2.6830000e+003
  2.6870000e+003
  2.6890000e+003
  2.6930000e+003
  2.6990000e+003
  2.7070000e+003
  2.7110000e+003
  2.7130000e+003
  2.7190000e+003
  2.7290000e+003
  2.7310000e+003
  2.7410000e+003
  2.7490000e+003
  2.7530000e+003
  2.7670000e+003
  2.7770000e+003
  2.7890000e+003
  2.7910000e+003
  2.7970000e+003
  2.8010000e+003
  2.8030000e+003
  2.8190000e+003
  2.8330000e+003
  2.8370000e+003
  2.8430000e+003
  2.8510000e+003
  2.8570000e+003
  2.8610000e+003
  2.8790000e+003
  2.8870000e+003
  2.8970000e+003
  2.9030000e+003
  2.9090000e+003
  2.9170000e+003
  2.9270000e+003
  2.9390000e+003
  2.9530000e+003
  2.9570000e+003
  2.9630000e+003
  2.9690000e+003
  2.9710000e+003
  2.9990000e+003
  3.0010000e+003
  3.0110000e+003
  3.0190000e+003
  3.0230000e+003
  3.0370000e+003
  3.0410000e+003
  3.0490000e+003
  3.0610000e+003
  3.0670000e+003
  3.0790000e+003
  3.0830000e+003
  3.0890000e+003
  3.1090000e+003
  3.1190000e+003
  3.1210000e+003
  3.1370000e+003
  3.1630000e+003
  3.1670000e+003
  3.1690000e+003
  3.1810000e+003
  3.1870000e+003
  3.1910000e+003
  3.2030000e+003
  3.2090000e+003
  3.2170000e+003
  3.2210000e+003
  3.2290000e+003
  3.2510000e+003
  3.2530000e+003
  3.2570000e+003
  3.2590000e+003
  3.2710000e+003
  3.2990000e+003
  3.3010000e+003
  3.3070000e+003
  3.3130000e+003
  3.3190000e+003
  3.3230000e+003
  3.3290000e+003
  3.3310000e+003
  3.3430000e+003
  3.3470000e+003
  3.3590000e+003
  3.3610000e+003
  3.3710000e+003
  3.3730000e+003
  3.3890000e+003
  3.3910000e+003
  3.4070000e+003
  3.4130000e+003
  3.4330000e+003
  3.4490000e+003
  3.4570000e+003
  3.4610000e+003
  3.4630000e+003
  3.4670000e+003
  3.4690000e+003
  3.4910000e+003
  3.4990000e+003
  3.5110000e+003
  3.5170000e+003
  3.5270000e+003
  3.5290000e+003
  3.5330000e+003
  3.5390000e+003
  3.5410000e+003
  3.5470000e+003
  3.5570000e+003
  3.5590000e+003
  3.5710000e+003
  3.5810000e+003
  3.5830000e+003
  3.5930000e+003
  3.6070000e+003
  3.6130000e+003
  3.6170000e+003
  3.6230000e+003
  3.6310000e+003
  3.6370000e+003
  3.6430000e+003
  3.6590000e+003
  3.6710000e+003
  3.6730000e+003
  3.6770000e+003
  3.6910000e+003
  3.6970000e+003
  3.7010000e+003
  3.7090000e+003
  3.7190000e+003
  3.7270000e+003
  3.7330000e+003
  3.7390000e+003
  3.7610000e+003
  3.7670000e+003
  3.7690000e+003
  3.7790000e+003
  3.7930000e+003
  3.7970000e+003
  3.8030000e+003
  3.8210000e+003
  3.8230000e+003
  3.8330000e+003
  3.8470000e+003
  3.8510000e+003
  3.8530000e+003
  3.8630000e+003
  3.8770000e+003
  3.8810000e+003
  3.8890000e+003
  3.9070000e+003
  3.9110000e+003
  3.9170000e+003
  3.9190000e+003
  3.9230000e+003
  3.9290000e+003
  3.9310000e+003
  3.9430000e+003
  3.9470000e+003
  3.9670000e+003
  3.9890000e+003
  4.0010000e+003
  4.0030000e+003
  4.0070000e+003
  4.0130000e+003
  4.0190000e+003
  4.0210000e+003
  4.0270000e+003
  4.0490000e+003
  4.0510000e+003
  4.0570000e+003
  4.0730000e+003
  4.0790000e+003
  4.0910000e+003
  4.0930000e+003
  4.0990000e+003
  4.1110000e+003
  4.1270000e+003
  4.1290000e+003
  4.1330000e+003
  4.1390000e+003
  4.1530000e+003
  4.1570000e+003
  4.1590000e+003
  4.1770000e+003
  4.2010000e+003
  4.2110000e+003
  4.2170000e+003
  4.2190000e+003
  4.2290000e+003
  4.2310000e+003
  4.2410000e+003
  4.2430000e+003
  4.2530000e+003
  4.2590000e+003
  4.2610000e+003
  4.2710000e+003
  4.2730000e+003
  4.2830000e+003
  4.2890000e+003
  4.2970000e+003
  4.3270000e+003
  4.3370000e+003
  4.3390000e+003
  4.3490000e+003
  4.3570000e+003
  4.3630000e+003
  4.3730000e+003
  4.3910000e+003
  4.3970000e+003
  4.4090000e+003
  4.4210000e+003
  4.4230000e+003
  4.4410000e+003
  4.4470000e+003
  4.4510000e+003
  4.4570000e+003
  4.4630000e+003
  4.4810000e+003
  4.4830000e+003
  4.4930000e+003
  4.5070000e+003
  4.5130000e+003
  4.5170000e+003
  4.5190000e+003
  4.5230000e+003
  4.5470000e+003
  4.5490000e+003
  4.5610000e+003
  4.5670000e+003
  4.5830000e+003
  4.5910000e+003
  4.5970000e+003
  4.6030000e+003
  4.6210000e+003
  4.6370000e+003
  4.6390000e+003
  4.6430000e+003
  4.6490000e+003
  4.6510000e+003
  4.6570000e+003
  4.6630000e+003
  4.6730000e+003
  4.6790000e+003
  4.6910000e+003
  4.7030000e+003
  4.7210000e+003
  4.7230000e+003
  4.7290000e+003
  4.7330000e+003
  4.7510000e+003
  4.7590000e+003
  4.7830000e+003
  4.7870000e+003
  4.7890000e+003
  4.7930000e+003
  4.7990000e+003
  4.8010000e+003
  4.8130000e+003
  4.8170000e+003
  4.8310000e+003
  4.8610000e+003
  4.8710000e+003
  4.8770000e+003
  4.8890000e+003
  4.9030000e+003
  4.9090000e+003
  4.9190000e+003
  4.9310000e+003
  4.9330000e+003
  4.9370000e+003
  4.9430000e+003
  4.9510000e+003
  4.9570000e+003
  4.9670000e+003
  4.9690000e+003
  4.9730000e+003
  4.9870000e+003
  4.9930000e+003
  4.9990000e+003
  5.0030000e+003
  5.0090000e+003
  5.0110000e+003
  5.0210000e+003
  5.0230000e+003
  5.0390000e+003
  5.0510000e+003
  5.0590000e+003
  5.0770000e+003
  5.0810000e+003
  5.0870000e+003
  5.0990000e+003
  5.1010000e+003
  5.1070000e+003
  5.1130000e+003
  5.1190000e+003
  5.1470000e+003
  5.1530000e+003
  5.1670000e+003
  5.1710000e+003
  5.1790000e+003
  5.1890000e+003
  5.1970000e+003
  5.2090000e+003
  5.2270000e+003
  5.2310000e+003
  5.2330000e+003
  5.2370000e+003
  5.2610000e+003
  5.2730000e+003
  5.2790000e+003
  5.2810000e+003
  5.2970000e+003
  5.3030000e+003
  5.3090000e+003
  5.3230000e+003
  5.3330000e+003
  5.3470000e+003
  5.3510000e+003
  5.3810000e+003
  5.3870000e+003
  5.3930000e+003
  5.3990000e+003
  5.4070000e+003
  5.4130000e+003
  5.4170000e+003
  5.4190000e+003
  5.4310000e+003
  5.4370000e+003
  5.4410000e+003
  5.4430000e+003
  5.4490000e+003
  5.4710000e+003
  5.4770000e+003
  5.4790000e+003
  5.4830000e+003
  5.5010000e+003
  5.5030000e+003
  5.5070000e+003
  5.5190000e+003
  5.5210000e+003
  5.5270000e+003
  5.5310000e+003
  5.5570000e+003
  5.5630000e+003
  5.5690000e+003
  5.5730000e+003
  5.5810000e+003
  5.5910000e+003
  5.6230000e+003
  5.6390000e+003
  5.6410000e+003
  5.6470000e+003
  5.6510000e+003
  5.6530000e+003
  5.6570000e+003
  5.6590000e+003
  5.6690000e+003
  5.6830000e+003
  5.6890000e+003
  5.6930000e+003
  5.7010000e+003
  5.7110000e+003
  5.7170000e+003
  5.7370000e+003
  5.7410000e+003
  5.7430000e+003
  5.7490000e+003
  5.7790000e+003
  5.7830000e+003
  5.7910000e+003
  5.8010000e+003
  5.8070000e+003
  5.8130000e+003
  5.8210000e+003
  5.8270000e+003
  5.8390000e+003
  5.8430000e+003
  5.8490000e+003
  5.8510000e+003
  5.8570000e+003
  5.8610000e+003
  5.8670000e+003
  5.8690000e+003
  5.8790000e+003
  5.8810000e+003
  5.8970000e+003
  5.9030000e+003
  5.9230000e+003
  5.9270000e+003
  5.9390000e+003
  5.9530000e+003
  5.9810000e+003
  5.9870000e+003
  6.0070000e+003
  6.0110000e+003
  6.0290000e+003
  6.0370000e+003
  6.0430000e+003
  6.0470000e+003
  6.0530000e+003
  6.0670000e+003
  6.0730000e+003
  6.0790000e+003
  6.0890000e+003
  6.0910000e+003
  6.1010000e+003
  6.1130000e+003
  6.1210000e+003
  6.1310000e+003
  6.1330000e+003
  6.1430000e+003
  6.1510000e+003
  6.1630000e+003
  6.1730000e+003
  6.1970000e+003
  6.1990000e+003
  6.2030000e+003
  6.2110000e+003
  6.2170000e+003
  6.2210000e+003
  6.2290000e+003
  6.2470000e+003
  6.2570000e+003
  6.2630000e+003
  6.2690000e+003
  6.2710000e+003
  6.2770000e+003
  6.2870000e+003
  6.2990000e+003
  6.3010000e+003
  6.3110000e+003
  6.3170000e+003
  6.3230000e+003
  6.3290000e+003
  6.3370000e+003
  6.3430000e+003
  6.3530000e+003
  6.3590000e+003
  6.3610000e+003
  6.3670000e+003
  6.3730000e+003
  6.3790000e+003
  6.3890000e+003
  6.3970000e+003
  6.4210000e+003
  6.4270000e+003
  6.4490000e+003
  6.4510000e+003
  6.4690000e+003
  6.4730000e+003
  6.4810000e+003
  6.4910000e+003
  6.5210000e+003
  6.5290000e+003
  6.5470000e+003
  6.5510000e+003
  6.5530000e+003
  6.5630000e+003
  6.5690000e+003
  6.5710000e+003
  6.5770000e+003
  6.5810000e+003
  6.5990000e+003
  6.6070000e+003
  6.6190000e+003
  6.6370000e+003
  6.6530000e+003
  6.6590000e+003
  6.6610000e+003
  6.6730000e+003
  6.6790000e+003
  6.6890000e+003
  6.6910000e+003
  6.7010000e+003
  6.7030000e+003
  6.7090000e+003
  6.7190000e+003
  6.7330000e+003
  6.7370000e+003
  6.7610000e+003
  6.7630000e+003
  6.7790000e+003
  6.7810000e+003
  6.7910000e+003
  6.7930000e+003
  6.8030000e+003
  6.8230000e+003
  6.8270000e+003
  6.8290000e+003
  6.8330000e+003
  6.8410000e+003
  6.8570000e+003
  6.8630000e+003
  6.8690000e+003
  6.8710000e+003
  6.8830000e+003
  6.8990000e+003
  6.9070000e+003
  6.9110000e+003
  6.9170000e+003
  6.9470000e+003
  6.9490000e+003
  6.9590000e+003
  6.9610000e+003
  6.9670000e+003
  6.9710000e+003
  6.9770000e+003
  6.9830000e+003
  6.9910000e+003
  6.9970000e+003
  7.0010000e+003
  7.0130000e+003
  7.0190000e+003
  7.0270000e+003
  7.0390000e+003
  7.0430000e+003
  7.0570000e+003
  7.0690000e+003
  7.0790000e+003
  7.1030000e+003
  7.1090000e+003
  7.1210000e+003
  7.1270000e+003
  7.1290000e+003
  7.1510000e+003
  7.1590000e+003
  7.1770000e+003
  7.1870000e+003
  7.1930000e+003
  7.2070000e+003
  7.2110000e+003
  7.2130000e+003
  7.2190000e+003
  7.2290000e+003
  7.2370000e+003
  7.2430000e+003
  7.2470000e+003
  7.2530000e+003
  7.2830000e+003
  7.2970000e+003
  7.3070000e+003
  7.3090000e+003
  7.3210000e+003
  7.3310000e+003
  7.3330000e+003
  7.3490000e+003
  7.3510000e+003
  7.3690000e+003
  7.3930000e+003
  7.4110000e+003
  7.4170000e+003
  7.4330000e+003
  7.4510000e+003
  7.4570000e+003
  7.4590000e+003
  7.4770000e+003
  7.4810000e+003
  7.4870000e+003
  7.4890000e+003
  7.4990000e+003
  7.5070000e+003
  7.5170000e+003
  7.5230000e+003
  7.5290000e+003
  7.5370000e+003
  7.5410000e+003
  7.5470000e+003
  7.5490000e+003
  7.5590000e+003
  7.5610000e+003
  7.5730000e+003
  7.5770000e+003
  7.5830000e+003
  7.5890000e+003
  7.5910000e+003
  7.6030000e+003
  7.6070000e+003
  7.6210000e+003
  7.6390000e+003
  7.6430000e+003
  7.6490000e+003
  7.6690000e+003
  7.6730000e+003
  7.6810000e+003
  7.6870000e+003
  7.6910000e+003
  7.6990000e+003
  7.7030000e+003
  7.7170000e+003
  7.7230000e+003
  7.7270000e+003
  7.7410000e+003
  7.7530000e+003
  7.7570000e+003
  7.7590000e+003
  7.7890000e+003
  7.7930000e+003
  7.8170000e+003
  7.8230000e+003
  7.8290000e+003
  7.8410000e+003
  7.8530000e+003
  7.8670000e+003
  7.8730000e+003
  7.8770000e+003
  7.8790000e+003
  7.8830000e+003
  7.9010000e+003
  7.9070000e+003
  7.9190000e+003
